# Created by Octave 4.0.0, Sun Feb 05 16:38:47 2017 CET <mg88@mg88-Lenovo-IdeaPad-Y580>
# name: rstate
# type: matrix
# rows: 625
# columns: 1
 848330050
 2929049181
 3396609080
 3612976383
 3967880480
 1247938889
 3636647647
 1506431351
 2961445761
 1340194684
 4090305671
 1082336329
 1000330123
 1986089274
 1488733607
 2981204871
 3794568906
 36982436
 2148345903
 477876875
 2347650014
 3475152063
 559870085
 3734279924
 2512069975
 772048707
 673459386
 413164944
 1124168644
 2144117785
 131140758
 4156799323
 1888527668
 219057447
 3622422214
 3646055940
 3165253872
 2131509774
 2576359636
 4227297862
 1447591462
 192005342
 3966069999
 584032222
 2178313892
 1236163225
 3044432466
 3947047467
 3329753377
 2969897812
 961182699
 2962124887
 3679498988
 4129426949
 3268995702
 2045881625
 2245901578
 2406717982
 4234329237
 135019040
 3685440037
 2287391348
 3069050234
 2949044344
 1679762211
 3938448255
 4051483390
 306478908
 1479712633
 2452291251
 649380230
 194111640
 2015382395
 160695785
 1241224441
 863955235
 3756800360
 1138605923
 2033332214
 349824153
 3602347148
 3550313285
 4019175917
 696087023
 2623433331
 1367622282
 1345202022
 1870643966
 2213778848
 4284716900
 2756011207
 4010679310
 3893019369
 4029336848
 3162291962
 3501355230
 3862401780
 1377355404
 1154745835
 3190427846
 2161815868
 2874456434
 3759991833
 2141348070
 3427163053
 2792485398
 1255071236
 1755062986
 1273258539
 3324656499
 1829159465
 2210998554
 170795311
 3408594313
 4206703090
 2030057463
 3880048380
 502027014
 4081964275
 1592534275
 3773832148
 1676234503
 2339298769
 3031023764
 3867429283
 3277865827
 2955909806
 3419433120
 3657472757
 1186436457
 3740115684
 3538046863
 3282681495
 2584181447
 3187577825
 3555727107
 87527727
 3978430645
 2114810841
 575271379
 963186121
 806665477
 4097942698
 699096639
 509893259
 355332981
 1830956396
 916735736
 1802637780
 2383769442
 2470355138
 3183041676
 1932491689
 2832959688
 748365481
 1717485730
 1250348622
 3687395762
 3038568050
 3531253561
 1578971055
 3883876093
 1630919353
 4222642891
 3401518883
 2172751183
 1046301710
 2603861572
 3336804699
 4077554807
 3802147296
 601271242
 864659122
 2946749967
 3851746210
 923198964
 322673914
 2877043250
 3495685015
 3345826150
 89629707
 2783642336
 1672108269
 3779091245
 4269386447
 952643805
 768016830
 3928440236
 807555291
 692936238
 1236091880
 2033620673
 26943731
 2754114998
 385542229
 1140362346
 711714451
 2473190113
 125680183
 484527188
 3974626412
 2957807485
 1514205885
 865306020
 2840383268
 1451139646
 3659327913
 1582991563
 437933966
 2835116955
 120824643
 3254757228
 2900843220
 3826274379
 2391320134
 3103717224
 27806713
 4001648008
 3228587060
 1299508886
 4125479058
 2985135207
 1489626179
 2923306770
 1762736445
 3359012489
 2529153717
 1422229266
 917722253
 332194646
 4014932158
 1578655436
 1773036949
 314543297
 3079673128
 1029231897
 1731077304
 3441406815
 824654839
 3778208007
 3752296223
 3062924544
 1025103156
 416729993
 2561272870
 3854753069
 2168627483
 297706155
 3161787573
 1349626089
 4033131573
 816598873
 3132765802
 4024279451
 3145287825
 2634722258
 4272792157
 3318408634
 3324088148
 2281469860
 3824104027
 1939266018
 742316263
 654441568
 2122478275
 3773805957
 1852513099
 2838661499
 3390411587
 1489397160
 2073278351
 2023515838
 3292306467
 393621560
 3436985058
 2756856729
 2574142073
 959536046
 2407826105
 1851806207
 1901988609
 3061439128
 3943095815
 287570291
 1453072873
 1424829594
 3400111703
 3728927480
 2476332827
 3720169423
 319734144
 2906226879
 1976543090
 2985578030
 28488192
 3604553572
 1985411591
 3811494205
 3120834685
 3126993772
 1075025369
 762884475
 2963958419
 776353776
 1186243374
 1573306160
 456645259
 1221515253
 4275161889
 2687769470
 3666395683
 3355697413
 3787808682
 183102068
 1546007472
 1660542281
 4216767530
 371098500
 3273145366
 871350688
 2530616127
 3824430461
 1561915846
 2954538200
 2573636715
 3845054088
 2639514469
 4226352041
 4233906375
 2617053611
 112534323
 2267827107
 4029334778
 4062854176
 1892253196
 3176456658
 3892445052
 1742723393
 2923030111
 2011569846
 2056289497
 1032611344
 1703055707
 204515918
 2068916282
 2262604887
 2471277215
 2764250915
 2955063950
 2046828352
 1151110671
 681295519
 3275103689
 3681489064
 46895432
 1520558613
 3745568434
 3601990644
 81611935
 2531082742
 3479422345
 2355537063
 699584073
 3581835527
 818541248
 1167126205
 2721768420
 2824855648
 1681952080
 3841784007
 1659346144
 3009076670
 2076922473
 2026860167
 155514455
 2226105529
 3839375635
 2053259525
 3981432260
 368850528
 3560507685
 2592029778
 1676913614
 88950753
 431102238
 3359927996
 39267391
 2594071244
 3125857057
 2486059419
 1567461160
 2230989319
 3282708081
 1017324886
 427394675
 3519645431
 1617372508
 102708135
 2643072446
 218818650
 1796106637
 1084998268
 3667358601
 3928155050
 994959498
 167958033
 3967242042
 3979429829
 3307720236
 1545744249
 2584759362
 4220623286
 1343512493
 3303332907
 3433874019
 2888624527
 632154803
 3418094372
 2103906737
 3523816719
 4125164664
 2591943168
 35004677
 544148985
 2477747733
 2887147079
 2014936222
 3408954536
 1041515173
 1652745152
 1345910381
 613505526
 3332227573
 1888337378
 62451634
 2459720128
 1989813870
 1641562381
 1698770056
 2087933589
 2482570235
 769442517
 57947925
 1824254783
 3884035364
 2892704336
 1694668749
 1453384240
 3029120073
 1668596317
 854672812
 3801875295
 692512639
 4001241985
 2685906799
 3464974703
 2337584061
 224415787
 4237976072
 2418436612
 1869924956
 213362267
 2998188839
 1258207566
 1940016016
 819875061
 1937243059
 3026402327
 1104677606
 1182119971
 1434030656
 2515048813
 4027962866
 3367504584
 1734321886
 2588044646
 2207199014
 2940509148
 352654369
 1099268217
 2223174919
 3609241986
 4051137799
 2407178146
 408448938
 419637925
 1576219362
 937156400
 1568084057
 972505496
 30189849
 1979166065
 4127371890
 77740309
 3635432168
 3788905473
 2525967272
 1750661337
 1924315545
 4260625956
 2781209454
 4214248130
 3770857288
 3213814781
 2153719723
 3515032331
 3525824548
 577181685
 1890573749
 2812496441
 3994494010
 413613982
 1130613756
 4277651982
 3757204386
 2994206260
 1098785637
 327933538
 1269621788
 1394363993
 2202128619
 3677234875
 1024025144
 1144561314
 1579479481
 799749418
 359386462
 1592658881
 1378269816
 2922674446
 2330737205
 187299779
 199121803
 3669769748
 2651869051
 2849567226
 693303930
 93037106
 3381659034
 1083468732
 3342341624
 376016778
 1084639966
 3107360732
 1222538651
 3534309290
 3205817772
 623730329
 1376940153
 2785691013
 1539968820
 576043798
 3753985019
 2210923672
 276848556
 4198873199
 1825920683
 2711117285
 1762222433
 1147848579
 3984445289
 142961266
 1930983327
 131882050
 2363072019
 3063369484
 1251017138
 2901538911
 1505882323
 2957267086
 2280153612
 221652411
 341862414
 2565555317
 2501948483
 2574162320
 2583837265
 2424541178
 649941453
 3689020517
 2496504585
 1903259192
 3224731617
 3980265416
 1854349876
 2092221407
 2602301708
 2217600430
 2638127326
 3772771675
 251262793
 1358291943
 4281610041
 571158217
 2008636566
 4052536680
 1623441343
 2994061617
 3908766422
 562741692
 3618765103
 2628057192
 253229837
 500849866
 3311481751
 552917213
 14097832
 1341465162
 3141869048
 3137605032
 839095248
 3360520668
 3707108219
 2897872980
 1408118063
 244983825
 1218846447
 3128247547
 565344369
 4117310702
 3861460136
 1864101550
 2933358859
 959388669
 223


# name: datasetName
# type: string
# elements: 1
# length: 7
nn3-001


# name: actFunName
# type: string
# elements: 1
# length: 4
sigm


# name: windowWidth
# type: scalar
4


# name: hiddenUnits
# type: scalar
10


# name: hiddenLayers
# type: scalar
1


# name: epochMax
# type: scalar
10000


