# Created by Octave 4.0.0, Fri Jun 17 17:46:16 2016 CEST <mg88@mg88-Lenovo-IdeaPad-Y580>
# name: rstate
# type: matrix
# rows: 625
# columns: 1
 3100841458
 3809766586
 2325278695
 842306822
 2009877444
 1975891615
 647612629
 2062329707
 3266987182
 3955926146
 3452108785
 829405175
 2430710758
 288418100
 3160748215
 4052823172
 486774167
 4270533728
 3642426135
 3996781932
 1607741645
 3270293388
 96946733
 3031852553
 3878140887
 2774491764
 2381020839
 1934256160
 4158363215
 2640976879
 3485537725
 1490908869
 219284631
 3951674180
 2956009727
 1307506074
 1198390909
 2329575014
 2359949388
 2142122085
 2488619155
 2235490652
 2382790105
 165172745
 3118927157
 3468565919
 2735758496
 2284744996
 1437745699
 1142383978
 3920277583
 1210578656
 1100024993
 3829740563
 2751509752
 1104239178
 996721175
 1595922025
 2220312510
 931942443
 4285723794
 2891938619
 214890359
 832577096
 3945974308
 884459549
 2491277435
 4228054451
 3919547823
 1879914083
 1380884380
 2607496463
 1249654346
 4230908122
 862554069
 4184553476
 2798788528
 4219369572
 2607776071
 1817190200
 434601677
 2471763618
 3968958042
 1539078989
 217284592
 3849219828
 952826029
 1089790332
 3897158220
 2375455439
 1938600973
 3433939265
 4097222054
 1654329790
 1900829432
 1604657682
 3519043600
 3429442311
 2119764776
 496562867
 1914364416
 1293113324
 2372495564
 2348415522
 3359053824
 1073343687
 1998478525
 1344958607
 1830111006
 239592060
 4256630315
 130054230
 2238159850
 3551346193
 1959622903
 3823113639
 2582164636
 1333048836
 4210281610
 3931792498
 1202513503
 525829974
 3603448836
 2160274653
 288488696
 2735021639
 3796635023
 2532958976
 1628499005
 365260590
 895156617
 4225558394
 4204835054
 4219262941
 2331071255
 2570992895
 2223357040
 2437106905
 2842815462
 4182515052
 4212495003
 1181305155
 3436211265
 2563228004
 1922821234
 1999126321
 1880581864
 60593967
 1017172975
 2462949596
 509916229
 2339792314
 4238979969
 1025911291
 4027405338
 1407101764
 714677797
 2741215244
 148117292
 2491899173
 1034116272
 531278114
 2452412907
 3428043060
 2630027106
 1416409129
 3952172324
 1016319899
 4221705943
 2762573790
 159090618
 3530979689
 2093106026
 2327735051
 3124242582
 1077967754
 2565321571
 27332095
 2525922444
 2501296359
 4137859900
 2704664003
 2980021280
 1536829159
 3568253815
 1606518630
 2574926087
 1818156576
 2446933263
 2521684259
 2577191027
 512923907
 2221744746
 2225138308
 127030622
 2618800945
 1730861402
 2356001969
 4159550479
 1211530651
 884121416
 2437595799
 3742146996
 2601160541
 1869855084
 87893010
 502632581
 1305907453
 3021189172
 4166276097
 1887731624
 915087115
 3553272797
 2746098286
 1462491337
 1174367467
 3349011361
 577756077
 2729266389
 2621900622
 2949173500
 1896775631
 499445912
 1994959394
 143015146
 3691651354
 411548500
 3370466250
 686976132
 1624938653
 3167442261
 2940996029
 3796050718
 429142801
 3854563711
 2898094246
 3074094946
 4145417178
 3547799751
 3767399806
 15440706
 3903966987
 382408590
 3752685091
 4219472409
 705252844
 3074000186
 2499170361
 2453076221
 3813121222
 343903387
 846165979
 1710600738
 155035997
 3149515202
 2801455411
 301787858
 4175505259
 525079848
 2277487972
 1210596626
 1177705338
 3401777819
 432770064
 3296628865
 694896910
 3357430439
 2165339926
 2528899286
 2432281478
 3544298006
 3051067916
 2568408030
 2834840897
 239489701
 2806944908
 1698791091
 3374458291
 2026981983
 2941089133
 4136572905
 2280949543
 86926504
 1192586495
 2967460445
 594511132
 2576939313
 2554296209
 2868026925
 834838726
 2231399035
 2253984483
 251104148
 4109232549
 3540545726
 3421582075
 429160945
 798901897
 1591063592
 2837413834
 3317642074
 3966510287
 2407987102
 3842866608
 915074641
 3176564925
 1441430272
 2178364522
 3511767752
 4045152838
 1102848784
 3034599248
 723811853
 833697024
 1325371649
 4061753675
 3357453317
 475498410
 773427004
 506301499
 744202150
 1665249947
 1905792404
 783883871
 188758490
 2922391375
 2657591289
 1645668266
 2706963806
 2284887622
 3759023707
 665686615
 2490996616
 627485267
 2279682881
 3556734736
 3492130176
 1704035636
 682188678
 2166103367
 3347728892
 1361683330
 3829535111
 3875437312
 784691126
 3140885886
 330922124
 801069318
 4181959559
 3505249306
 115410170
 2197212700
 681344680
 186231105
 4151573669
 582238118
 4203677788
 2704549391
 474558369
 4262945386
 1386456170
 3306940554
 43781548
 1910256991
 509083087
 1903333689
 370671809
 2156613561
 3954263759
 4213128612
 1903805464
 4081352858
 439753312
 4145741065
 3828602221
 2087399646
 484600801
 169977836
 866224831
 1298161472
 3697489470
 714282939
 1379091718
 1998676319
 2994083173
 380144920
 1155263603
 2292852516
 1936408978
 734376607
 2776956693
 100733848
 1994292551
 13927489
 4034141669
 1136198282
 2758039196
 2338941517
 73682861
 1596271003
 3118111454
 4033894323
 815487131
 135629789
 2839021189
 2134467025
 1446574274
 2814497255
 2662153927
 2270774322
 4105237375
 3095840001
 3558638519
 333052994
 1830288105
 307097564
 350310192
 2336231759
 479717206
 200275847
 1425295028
 2060842861
 3009504857
 2877564323
 786478252
 3159700907
 494488411
 1069390787
 2068162344
 4267360325
 4294425505
 1678774119
 3115948274
 521410744
 2148246679
 629771436
 221098007
 2517798330
 2471704823
 1360038981
 2895895340
 3849653831
 3670760166
 4273685812
 2387417757
 2488487962
 2345893343
 2324389334
 3146260988
 1216951515
 2667205876
 70787099
 3806804444
 2963928950
 1684980301
 3830708350
 2010728312
 2406092263
 36178618
 4141830349
 2676642124
 1542726283
 3307252769
 2739883799
 118153029
 2140163589
 2373253688
 212313388
 270025379
 390696707
 2751331081
 4239139182
 3726885005
 1818293392
 1750904346
 637943640
 610384809
 4195566094
 2678274535
 1386658180
 2623011446
 3715573391
 1426175249
 3933951489
 3115942054
 2819015430
 2383145542
 3156097586
 2929576822
 596606884
 2781760404
 1072982376
 2837494974
 614333235
 2871312661
 334352972
 784281535
 2089539665
 4061613550
 3482450917
 2211111098
 4104240085
 509867562
 1788830179
 2398543062
 4186454234
 4139675371
 3240888201
 2117430604
 160089613
 193926316
 1890246028
 60602648
 1325041574
 379990879
 2355142270
 2224430651
 1955011989
 600015266
 1826784698
 3479156667
 4060908752
 35940326
 1945480858
 1312472441
 856664840
 1750506471
 1829109649
 1313747675
 2850663761
 3949694249
 3182592366
 2949269138
 488335580
 613533134
 1729708754
 3589679094
 3108106635
 2990753841
 848682055
 1589693992
 3819667713
 2393326622
 3619151967
 2080997515
 1741413582
 2263759965
 125836403
 3881050130
 4124491004
 3445653151
 4114567715
 3414881291
 3121038190
 2304935953
 2757617132
 3954383183
 2673537598
 3055459130
 814018428
 3805566678
 2702324865
 1125410636
 3482547151
 809930897
 1727932071
 3895716472
 911964759
 550286404
 103617003
 2377613148
 2291054969
 289072332
 197460353
 1017673295
 218427356
 467044993
 3098603256
 1420930581
 350054291
 1497495094
 2134400748
 1685381035
 186714823
 1622060823
 1837889136
 2225042558
 3593629623
 2735544035
 1251334321
 877183955
 87280961
 163396081
 4130508144
 3364528439
 2646030205
 2618460031
 674161405
 4264230928
 2369956323
 1161609323
 1855131953
 2868672331
 3386762700
 1765043660
 1279364598
 299961024
 2437664572
 351691372
 2139572327
 1979845692
 1695579780
 1336879908
 1189227083
 816416576
 2515617275
 3440882474
 3832084211
 2245776180
 4233629307
 1123665390
 2195780356
 525613696
 4161657957
 383


